1219 
13313 
198656 
4763 
13679 
933 
894 
14831 
6650 
633 
92413 
1583 
4928 
3630 
5138 
880 
89991 
13557 
4384 
499 
4747 
294 
136992 
30290 
16305 
1786 
385 
4747 
13557 
165 
758059 
13055 
473 
1121 
313344 
5797 
137 
3825 
1907 
33811 
3574 
84 
880 
7022 
90 
88 
1652 
9376 
16022 
2001 
63793 
78 
22455 
2263484 
39732 
298162 
9471 
16123 
15605 
5403 
1231 
668 
1151 
1284 
10319 
1057 
1468 
0 
457 
443 
1535 
2710 
18329 
7136 
19695 
287 
1531 
5167 
39732 
1151 
62586880 
36518 
9974 
15797 
623 
846 
26044 
5253 
894 
3608 
55 
32476 
1463 
10071 
112852992 
254 
1532 
3175 
13854 
3250 