19376
1971
1608
4434
1528
460
159452
120631
478
93376
22784
378
1467
984
8916
12225
1288
47313761
2031
31560
3027
27855
24105
2484
51336
1152
29336
21880
20480
7055
2931
1131
305511
50
9104
172917
14488
400
49152
5692
168
220
401
1512
1182448
183
50
100035
26574
2868
2268
621538
163
3394805
179
13318
2416
436
1654
260
1245
126940
109
22016
15196
477496
2008
179712
400
1211
61952
6354944
2256
7680
9676577
40719
50
765
412
1358
40904
33766
658
145079
272
10046
8915
22849
10804
2137537
101376
609544
16154
2401
122
9216
63449
43376
14988544
650