74954
319372 
38669 
211924 
193811
1392
85467 
1228835 
95540
23654400 
819218
204814
61036
64599
105953 
42079
60220770 
690170
8909
117300
38706
3993601
24903
60508
184401
39409
75540508 
6860404
12401
38108
5305
41307 
2048011
71504
66073
33205
31440
12
14913 
4505620 
23
887509 
356214
48805
58909
11055
309206
11509
276
670
124
63022
219068
129502
0
157017
7768
38
32
115
107199
2467
1080
38034014
232005768
16503714905
205029728
775005435489
211905
19050
275
33506
172
274050
13305
35060
12800
539
5200
6600
14475186
283
5092382356
4201
2429
1022
1822
476800
1094
19005
5054
10819
735092
199401
2302547
5700381
2304824
540913
83052145