4096
4096
4096
2468
1313
131
2778
25468
1047
958
2220
621
1610
727
271
230
509
337
2300
52
72464
784
69299
11982
4096
2172
17570
2973
764
169392
5884
943
20871
165
1547
58055
13426
816
1600
5410
3496
4096
10151
3803
6618
3202
140061
2015
676
1623
366247
9498
580
10979
4401
12767
748
1746
11272
539
2295
3663
214
1792
482
1642
951
1563
36
4096
1306
203
1047
1557
1220
1152
3576
2400
1967
40766
10607
10057
926
2705
1149507
2811
1413
19351
817
2041
3131
1972
16433
898024
1391
5244
619
4612
4533
1130
