17434
35263
49152
597304
13630
50
132
20051
10565
3753
17436
340
1060
3055
50
153
135010
2266
546
318
1004
1872
2935
269
4988
939
426
1435429
10963
4114
974992
1970
9129
3345
751
2729
358
29
28536
232
1722
177050
1359
1208
2233
4246
253752
835584
2066
12612
31068
116
20480
1684
1283
3611
18303
561186
25
22760
542
2468
11452
327168
37260
12542
177
523
401
4550
5278
94208
45092
17880
3260
236
2767
3898
681
18481
1076
5332
109224
1764
672
900
43943
1625
52
2228
67122
40198
2743
28720
2801
20506
4608
1172
28215
35409