1160772
57837
76160
245402
1331536
32738
7906
285616
108140
135792
8014243
18594
956577
9348
301536
18251
84153
118670
10663
239256
25582
25422
131616
580552
30062
57742
542906
252040
857168
364809
971243
1206877
278026
808312
994754
46125
216258
570744
532744
46705
7441077
17965
307616
33458
159418
18182
63219
77499
605017
211681
54647748
4390029
700056
8080481
60179
4304906
136797
136872
34833
38697
266648
44441
27560
98932
56685
76784
91828
19283
1972304
1526371
140611
273853
3626
382701
2944440
77420
206744
231800
30801
8421
119176
538645
35265
5586
3281332
46017
11611
676840
2183493
66549
159671
26289
199112
1487022
146992
297877
59303
35051
292638
11999
