244
1971
40367
1747
13955
22816
12072
382
50
385711
9090
16021
59
9480
1147
852
2790
2276
2026
7525
49
2644
498
2630
3852
19359
303
4906
6193
130112
21128
93489
13320
157
21048
8932
5784
1058
360
9882
29185
23567
231
261892
50075
1952360
18075
23253
11844
18004
2323
50
125058
1569541
819
137
285
1686
303429
12940
21233
86
796
2025
12296
60
407144
247
1393
7168
191
73332
8
2339
8719
12800
291
908
1481
50
48592
568
253
2448
93918
8192
29216
2362
50
50
64552
5162
201694
9098
16
6684
18296
51
50
512000
