106904
22600
1879
30726
2227
22784
284
215552
149774
1153
1258
640599
16660
839
55904
16242
966
28024
754
6120
28720
1134
9464
1313
215
37888
178
40960
1461
110188
1168
21880
21880
1855
17478
246
44178
10198
12602
49
103984
8897
769347
19811
4418
12860
2290
79456
65526
1196672
765
231
12781
4617
15209
1083
145
50
8860
311
1784
305
413
547
18102
785990
36424
358
296
53256
3924
280
13006
7133
67536
1528
21411
716
625
219048
123
10329
1851
36400
16147
5171
706
605
40296
59392
1565
339826
227
49152
30736
3105
11523
270240
2641
362