342
2013
20461
50
3706
636768
1451
433
1052
37497
1007
50
190
25623
376
13414
84992
1424795
2051
10470
2591
542
1676
10752
21128
1297
4620916
6675
5880
1331
1526
124282
5486
22219
1530
622
161
24692
23
32138
3267
2479
115526
19677
542
1888
1435
4842
28672
453224
3072
3427
32
384
489
2843
87112
7168
31792
21772
192512
112
17594
1891
51
12584
49
17468
7057
5121
53112
44195
4679
52
39072
2801
264986
144
7425
299520
792
15311
50
45159
2952
1064
97848
687
1084
95600
1119
1617
10737
16384
616
608
9646
1027
1684
18467