54136
24440
2500
523
6527
1178
602
2326
1610
6035
558
10673
14945
547
5343
1792
23180
146797
228
43596
484
2586
390
466057
16384
48168
4344
24651
135880
82944
1867
286
1474
15416
3621
197416
275
71780
98293
217
9128
547
73
15819
185
1172232
8875
262
4507
30013
113256
34
387523
18425
34856
427
60
1708
1889249
18399
36888
29
12235
1119
124355557
431
2049
1858
8192
1092
1420
948
3313
361
3434
8898
721
951
1256
195
113
6246
23973
33794
1176
5628
420
970
543232
90959
4352
970
76195
18277
26136
16030
180024
125363
1875
12834
