1826950
2593
702706
159
44
16111
974
2525
1228
36329
51
5120
4757
868
612
2174
12712
1195
39986
1183
359
598
4014
708
10915407
9242
55600
19466
127712
376
41843
496
14742
50
930
376
2227
1386
4313
40687
1313
9118
152668
60848
23150
2520
1629968
1591
22533818
1385
325
61
56182
155
88
3705
3316
2110
2458580
19865
110361
319
21638
1403
301464
52536
14212
573
440
288929
6230
406
149207
14471
4695892
1322
2868
986792
336
37
9938
5252
10704
3896
6144
12624
1766
396
24223
1530
22571008
2154
10420
2453504
590
1493
14910
288
1782
252430