48419
426396
20928329
23759378
122281807
2201235337
528384
1033997
190812
8192
1056768
270336
131072
8192
48392
0
420
20480
278
231558
48419
426396
12564
7600
526336
8192
1033997
499712
16384
278528
30608
32768
48290
20480
4096
16726
143360
2617
6070272
2526056
48419
426396
12661488
172
12664832
420
8192
1258224
4174
184320
278
1114112
183512
1261568
75405
1425975
24227
77824
165829
24576
48419
426396
4096
1367
907
178
1613
35821
4096
35821
4096
8192
2347275178
172
672
36336
5813
124
249856
2348290048
5686
17734
1442522
105190
281
98304
0
17734
20480
5533696
106496
1445888
174528
2346820010
8192
176128
20480
249632
98304
426396
