600338
236819
99057
49326
11675
1271
1263
914
756
48
6
24882
263775
377643
855157
51
86
912
29284
80902
11882
7
7182
14132
1515889
4966610
283906954
5329974
5210336
3574915588
50974
112076
137276
65328824
135492
8
32369629
643072
775680
133408
30720
120
1407776
513
36864
48888
550400
242976
301856
107
1510572
20774308
134411
719976703
1800353
2118663
1218504
2154815400
1454554
2162133965
1231447256
295265909
122788
12405
2508295
12415
12455
2245894
48966
107
6364
14453
14727
13693
3621621
480
3913184
13136
22256880
21786259
22975619
47114
46738
19559
23117494
391360
3891512
65536
1073650203
1073708248
1073090306
11280
32988
1825188
1998228
28868
8268
45348
24748
1020768