3818
11908
52
147
385536
185
4304
550
1728
144167
1378
290
5149
3072
1642
49595
28636
22769
7345
115
8889
15360
1217
26160
8878
3147
421888
28944
1073
140615
554
1412
5632
3154
99261
14456
8345
172
182800
22512
8109
1223
216982
5148
247
24
4662352
181840
1473
958
383
7062
1755
1975
6656
244
2518
5405
1601
1608
1523
8388608
198
256
16896
623
13254
289052
263
8911
1546
16304
288
3288
8864
2804
843
51
667
214
229
884
33592
984
10127200
286
8719
133944
10058
2280
5806
267
2548
1119
8865
353792
1092
28576
8854
29184