18343
44976
6199
280576
50
193
1737
3987
1095
1203
321
242
491
5458232
50
501
298
1794
6671
1246
212
302
1300128
208
13320
308
188
3600
351
28672
328
201
76139
1559
3090
224
608
5280
1146
5188
190
179
31196
165
4044
281
19376
2059
79216
19832
471
1577
247
16759
5412
61952
9880
161377
1965
61
30762
50
134
223744
1369760
4
611758
247
10286
57435
77058
51
8907
54373
2406
31382
4050
937
29088
692
1789
189440
8338
893
5120
292864
7458
328192
268
457808
1552376
2357
2346
157
6226
1485
122
41854
157
2415
