224
4811
20241
1112
2663
258371
9151
9534
9602
11571
9191
2022
6144
32975920
17552
1065
8169
1469
9077
178
71096
627216
22837
53207
91541
34960
94482
38384
2812
3698
2491
2055
1158
2242
8909
9703
8907
23567
50
179
49
58
1227
11613
1066
130770
23478
17407
50
5209
573952
599
15970
13343
6581
304
10053
20610
15872
4096
96824
158
788
666
15624
11383
9541
10128
9275
31564
7880
9516
437248
724
100
2861
19256
731
10064
11019
20
9436
5996544
111000
1353
1056
1478
8881
5356
1214
9119
1126
51
342
1190
50
1467
1211
2449
1416