1467
94279
274432
85899346432
5798
318
14503
91855
1906
55433
5372
138832
115784
3188
2485
325
1008
2300
115712
16740
26112
12266
199168
3584
427853
131
9678
309
2234
18334
4094
10619
1229
549
482
425
352272
31448
9088
7756
957
17408
54272
14720
1675
7168
107008
733
50
3245
1988
98
869
10645
321
459824
852
475136
356
169
1487800
233148
211
988
212796
2278
272
251920
1382
8883
1178
1473
6252
26424
2093
85000
15393
2949
14200
10059
30116
7989
191
271
340
446
50
14208
132078
2537
226
2325
291176
415744
1528
1260
110300
94720
1582
72192