22886
6233
18573
191041
8438
17516
26984
59840
11856
45340
15015
152732
13047
665077
8277
23247
7131
50775
10166
3626
27139
18566
81220
9407
97704
34564
26090
5652
14846
11474
12733
846622
817
11196
24574
60470
25359
36911
23305
11799
3737
62829
55160
81692
6997
38510
29700
155979
8252
4023
6018
78749
207115
31488
8388
29763
10713
396
175248
24995
50152
30077
9211
20371
34282
2141
18316
10876
637905
342
146790
16973
14638
24540
10393
30491
5614
2107263
3243
15737
7168
18656
10792
848746
338487
8004
371158
29501
6519
31013
18178
6146
29248
31215
62798
63076
30400
16569
125034
521892
