151240,
27,
186,
9325,
65893,
93180,
27903,
77824,
306,
49,
434,
254,
183672,
940288,
808,
1197273,
255,
2080,
270920,
1701,
1243,
49,
247,
91175,
175250,
744,
10196,
1481,
247,
23391,
566,
10058,
1713,
1481,
142488,
50,
98,
3985,
50,
48,
17604,
23992,
243,
596968,
79,
2255,
9676,
2064,
1582,
1336,
50,
951,
194,
10923,
9039,
790,
65011,
1028,
4353,
564558,
3577,
39149,
50,
35407,
1082,
22450,
1630,
16738,
377,
165,
362,
887,
2283,
163,
330320,
260,
18780,
645,
1481,
13265,
96,
1487,
372,
1125,
9838,
24712,
40,
1481,
6192,
2543,
4608,
499,
3612,
2861,
1133,
6414,
2560,
67,
65,
50,
359