67608
3566
25730
145088
64205
332947
57639
119892
249832
44870
26637
34585
33015
13787
5604
1292
9854
210824
303164
58420
1032
10369
26906
28898
1802
8816
113771
3889
7195
4929
83928
6406
4194304
16032
19262
26088
3601
8783
5677
12732
23016
16350
1172
14626
170120
2165
46988
31308
193907
4634
33693
54266
4861
3151
28192
69119
58516
6966
13021
82972
67496
254
47688
202428
681768
27801
16078
115058
20648
10716
107760
3650
4933
36981
50793
7260
55728
1800490
33959
4897
16859
10018022
5847
14716
25862
7087
588798
36808
8240
7606
6249160
145392
10055
135460
16122
94150
63688
110172
10085
570616
