32768
32768
8192
32768
0
8192
49152
8192
0
24576
8192
32768
270336
262144
32768
0
933888
57344
8192
9093120
32768
11116544
16384
1679360
24576
16384
237568
57344
32768
409600
172032
16384
81920
8192
188416
16384
57344
8192
8192
8192
57344
49152
106496
90112
49152
57344
16384
294912
647168
293683200
40960
3620864
40960
40960
401408
24576
49152
16384
32768
40960
8192
24576
65536
40960
73728
16384
8192
0
745472
49152
7806976
57344
8192
24576
16384
368640
368640
3571712
8192
1286144
171393024
49152
909312
204800
0
172032
8192
8192
860160
16384
8192
2678784
1245184
131072
8192
1089536
2572288
0
32768
32768
