1112
1868
56320
40
9466
5434
1712080
3974
2709
822
8649
1076
1674
281088
230
18432
4323
50
49
6144
1150
8894
162
12443
6383
5331
17317
1157
96864
116
90732
18492
10053
61010
83697
1370
518
564
105
564
956
145
464705
32
2824
31959
662
9903
389120
920
32
454
327168
4435
5644
24598
235
187938
1765
1003520
22362
10510
22331
20568
14345
1350
8423800
80641
4433
874
1677
1451
16384
44
25990
1672
7404
146744
4888
942104
1495
838
5533
3042
128496
272
394240
166704
14538
862
4096
21120
7456
50
13290
325200
634
419
17236
45