24
317
3924
15224
247
755
1397
230
54784
1465
10581
4932
2050
4416
182465
3611272
41929
236
29220
257
1864
49422
13776
51
217565
555520
99133
216
95614
21
50
359
4800
5520
6330
98284
6169
50
247
2960
6614
1552
4240
4428
92936
34306
26815
248
1738260
786432
16896
3387
916
296
250
247
2437
8192
11217
56016
335
226
206
67632
10153
13880
869
9910
82956
196608
34914
46080
223
315
5035
1527
1538
5752
11052
246
254
777
107008
378
10024
17053
291
2083
11621
2459
9741
273014
93
240
52
49
4512
50
3850
1415
