284
1642
1313735
440
7054
44552
5228
5291
3027
25
3415
2314
162
232
15002
785
2567
3281206
15900
52
1066
71664
0
4226
247
50
2585
88464
16965
548400
3757
223
31289
158
2627
35792
1959
13176
4567094
18344
7858490429
510
9110
166
50
3576
241
5632
1174
818
49
51
16954
8896
21428
236
13520
516
3349
62024
1127288
2550
24474
10700
4291
7796
1040
3092
479232
11364
2104
830
299
2991
16387
17784
1082
2915
9110
2479
555
912
393
96504
50
16043
3019
804
902
205
329
25627
24064
294
547
12649432
22504
2081
9887
986