18827
59437
981
26429
1115
37229
3435
23131
2488
42748
47329
45128
49107
167
56277
22129
54664
53439
45219
262272
264
1150
787
2688
3948
52513
41465
20704
63187
12960
54606
51032
44406
7205
342
46907
146320
43147
172
50
49798
914
60778
49024
8907
5521
29533
141171
953
18091
1572
44
32765
41793
9090
485
36170
55436
255948
55065
60514
1289
24591
52736
2563
195
1056
1181
30849
54624
53931
131865
39677
37640
4450
48723
12197
10299
56096
1986
1040
35240
42004
1037
5052
0
57307
1333760
56413
1294
184
57031
56802
549
4255
3274
24692
53966
1010
58829