22230
923758
18568
1214
472
165
198
884
114188
1315
1734
4046
822
131862
3584
300
130560
9067
262144
835216
1966
19981
5604
100576
308
1828
9340
1212
915
342
8854
193634
2126
2325
1542
9224
17082
8880
711592
9216
980
428
3347
39487
26574
3187
275
8892
10240
10285
257056
732
6144
3584
2901
87966
18623
1609
401
936
4981
2715
1068
8885
2967
332167
1731
288
1191
21880
23352
50
7946
8192
1142
128
167752
22088
8907
2421
628
2156
40948
2840
1051
14848
3800
6528
3174
37329
1839
50
7140
288
6444
3179
172496
5357
1211
405
