1811984
17061
9101
59020
1820
23090
3451744
78187
4140
78243
83152
14258
3709
6298
77317
50424
35090
5565
2228
36041
13570
34548
1712445
24496
49472
30430
2824
2859
38372
3512
2775
33452
27544
50769
44906
30700
49425
32400
438616
25889
39327
10832
6466
49321
51158
33164
59857
27464
21049
398945
5367
38833
208949
30712
62502
89134
14237
1003
31144
80978
22876
11933
26728
637000
41638
33492
12188
6054
378736
4103
77753
49711
92375
25448
76841
76576
49027
25124
1754
33913
11270
11487952
30729
306452
136516
23197
30912
79363
78852
16772
48922
9330
9086
8074
1998344
56551
13907
4664
16942
296284
