197
18578
4614
8697
4964
8192
50113
76854
4364
5814
1688
61040
13067
4096
5873
6927
3557
4096
3286
119277
37828
4096
381738
1030
5339
5943
3719
1768
1082
10254
5622
971
1295
1990
39467
930
5976
2624
129
1278
9867
5512
86
117
38509
436119
98
30049
519
22384
14927
4096
6249
931
5643
6604
13243
5463
4070
45821
8570
19141
165580678
1056
51301
1636
6302
109983
35720
92
24451
10176
4959
4702219
4852
5703
4428
4457
1162
65984
8607
1406
103
39880
41279
20661
6055
8607
2648
198672
1596
6143
9007
2271
1097
5835
10525
1119
1027
1317