1011
2024
982
9092
624683
58
9152
1819
15652
8500
2316
50
516
460911
186
1127
16926
4085
6677
8846
2208
2957
15240
154525
563
3722
11514
10980
131240
301976
397
11890
102385
8654
2249
1642
16691
12557
2336
1479
50
271
50
90613
1211
686
4714
4210
633
1084
1970
50
166
1052
1124
8874
8909
7977
32768
244
52
3632
61937
6312
82398
3540
1854497
81208
50
15023
12288
2016
6911372
5025
122117
164
17884
95
4580
313
1482
87040
4673
25553531
3972
2422
3986
1541
1729
7336
1412
166
6656
1202
1793
4381
51
350
2414
672
