3501
394587
15734
94005
1866201
11951
559395
2005659
824295
209832
10814113
554380
121324
767381
22237
898520
775176
2347991
284960
1749590
188060
79479
16284
184369
19829
1787077
19590
127329
494913
979305
286284
1949442
1088120
665649
294852
2476929
1557043
2057415
222790
802559
806947
1467792
1992
1771492
2274599
280894
11962218
206988
258890
1571
1499748
15013
1929993
938676
1080445
8738
13941211
954491
957167
1280427
37910326
17060
1601909
521715
88171
275386
1240834
320648
231300
15232134
138725
1151385
815323
2284866
209951332
2035552
978019
15757383
14752
861845
1367228
887157
1179425
1533912
971329
2409772
10486812
101987921
2282311
731276
2117944
69758
129980
1501368
1351264
28017
78006
692635
12742851
13849