54                                                                                                                                                                                                  
123                                                                                                                                                                                                 
329                                                                                                                                                                                                 
6                                                                                                                                                                                                   
10                                                                                                                                                                                                  
0                                                                                                                                                                                                   
13                                                                                                                                                                                                  
1                                                                                                                                                                                                   
43                                                                                                                                                                                                  
2                                                                                                                                                                                                   
2                                                                                                                                                                                                   
17                                                                                                                                                                                                  
38                                                                                                                                                                                                  
109                                                                                                                                                                                                 
1295                                                                                                                                                                                                
11                                                                                                                                                                                                  
19                                                                                                                                                                                                  
47                                                                                                                                                                                                  
34                                                                                                                                                                                                  
57                                                                                                                                                                                                  
243                                                                                                                                                                                                 
4                                                                                                                                                                                                   
1                                                                                                                                                                                                   
1                                                                                                                                                                                                   
21                                                                                                                                                                                                  
44                                                                                                                                                                                                  
128                                                                                                                                                                                                 
3                                                                                                                                                                                                   
3                                                                                                                                                                                                   
147                                                                                                                                                                                                 
1                                                                                                                                                                                                   
36                                                                                                                                                                                                  
5                                                                                                                                                                                                   
23                                                                                                                                                                                                  
173                                                                                                                                                                                                 
275                                                                                                                                                                                                 
38                                               
22                                               
77                                               
13                                               
43                                               
6                                                
0                                                
1
23
32
1410
310
1
134
34
1
21
48
49
25
20
7
21
32
47
131
4
123
22
8
58
21
9
42
2708
1
1
58
98
27
151
40
0
97
38
6
8
166
20
32
2367
21
412
16
11
141
22
28
144
94
149
178
11
12
