10700442
360
52592
64564
1453
21861
662
5526
6148
2365
29701
201664
283
206933
447
3649
634
35929
105798
29665
568
528
796
590
3262
28592
2200
555499
10632609
2254
397
2200
23725
2801
1398
260
48240
1983
23739
1749
6148
455
2341
5526
14784
11408
11567
13476
466056
120
36814
7165
317
470
67984
26541
23730
1072
394
676
658
3663
2262
2822
2632
7392
1739358
8443
1966196
457
732
356
601
1240510
31259
466
2553
2800
41
466112
652187
3211
29651
120
24900
267
9582
323
291757
96688
2231
42
664
39090
12985
4065
85755
1851
7668045
6389844