13824
193
2050
28672
12956
1100
539
389
371
14407320
354
25024
3192
96768
9110
49086
2356
371
3240
8903
13347
2569
22592
13680
1022
18352
418
205
12288
175656
416955
12325
136426
20
46664
1696
3874
839
0
66352
763
3464192
50
120048
890958
1186
15081
50
50
568320
3476
521
2233
9110
20480
546
215
53752
27513
0
22296
611
298
1278
276
1343
368
102264
28672
788
78768
796
231424
612
2278
3445
10033
923
326
270
23920
157184
1048576
202
13392
8904
6886
50
1017
20
44330
9728
27144
1397
59153
22592
314
183296
5333
780