6501
28883
1716736
2011
1142792
1457
164
297
21484
366
320
7001
122944
2781
27628
395
1510
331418
163576
265088
374
945
5756
37014
173921
282
176
751
37464
2733
1565
13944
19402
6769
1112
6216
168
58165
65350
4896
14616
168
120
4428
29164
1804
10152
5032
14218
12838
12668
12487
15360
7480
12564
12716
12675
12493
15360
8952
17048
5508
257
781
31096
324
833
20644
7948
212
2135
20064
688688
6297
2439
8904
1549
7164
927
1158
550
49
2355
9130
144380
123586
8146
171
48
52
281
477
5146
9844
14575
94520
696
994
84
616