8192
16384
4096
2647961600
4096
8192
4096
4096
12288
8192
80
8192
80
8192
285212672
285212672
4096
12288
12288
20480
12288
8192
16384
16384
12288
20480
4096
8192
80
80
80
8192
2647961600
8192
16384
4096
16384
16384
80
20480
8192
20480
80
12288
16384
12288
8192
12288
4096
80
4096
12288
285212672
16384
8192
4096
20480
80
16384
12288
20480
20480
8192
16384
8192
16384
16384
20480
16384
12288
2647961600
16384
16384
4096
16384
12288
16384
80
16384
8192
285212672
8192
4096
12288
2647961600
285212672
4096
20480
4096
4096
20480
8192
285212672
8192
12288
12288
80
8192
12288
4096
