10802
414
77
1059
527
719
9982
3824
297
4096
538830
31784
4096
19103
7059
486
1499
3669
20344
2934
2979
48189
1343
168
3672
4096
4096
260
3024
37
32
1001
9732
69768
12711
1037
4096
258928
31
24587
4096
11258
2408
301
472
7329
63524
87
46865
19652
201
930
6721
1493
11493
6793
352
282
23774
4096
1248
3062
0
333
212
451
171930
1294
646952
7540
625
1336
14553
31707
101845
8341
4032
3879
15336
117744
392
338
55798
19299
2683
293
4096
3785
2806564
121928
16977
136
6267
2452
4538
11470
5344
5552
125200
3535
