3605440
206012
213882
2818059
1811509
213696
103326807
2012688
2098307
174399
169299
118293
3768075
170509
299929
1331637
3203331
6537041
3733344
1961125
2161277
194330
2066721
338057
120211
2623817
3463370
1941878
1988673
4015522
80840
2951786
1346057
2459983
1910402
2881699
523516
2355696
3468409
1203834
3499570
2016971
3806757
3467879
2015173
117340
2390654
1890990
2139361
234546
333495
1115598
1695630
2428819
1963523
1908015
158313840
1427350
2149411
3382123
80447
2213116
2089430
108590
1168557
729650
3201072
2286330
2314509
1900184
3615755
2548092
1322170
2366078
166308
233662
128343
2130335
74763
2882514
1088118
2069661
1800573
2695616
2762819
2785216
1804607
2426588
2777742
106396
1411849
2158337
2187805
1937935
3388862
3356137
109897
119636
273529
2943674
