2580252
203
88606
176
120855
1489813
1665937
446
5730890
1929047
259
19720
2657558
399606
10163
5406904
23764649
1769425
2242
1603308
499
1968081
53
2298309
1442155
460262
205070
10531
32587
4484982
1700628
3542135
240
890
3449659
5700
1874371
150457
1107
855
2446
35871
209804
1073685
236
1167
499
693
2208
461552
243163
0
2856195
1141814
21739
3403
16384
428
4650
3746043
509
17486
2363
182205
2512
4069833
3199703
176960
97379
1248970
1030
398771
3932317
9617
14395
176832
329623
1366
1126820
205563
61332
10609
4878436
1455275
3751666
273559
2263
4780958
0
5159970
456772
187813
4104
3595146
17387
2780004
567195
1813644
237417
131754
