23161
12984
3109
792064
134012
861
4168
77568
14093
748
136264
435
25817
6717
623
29116
2634184
27236
502
3382
56662
543
5632
1794
464
1079
120622
0
1433
479
287
2958
172
48285
101762
623
262411
3146
121192
21
1040
16875
136192
12356
5024
1233
7668
47
1540
188
5099
935
182294
4420545
1721
117
13312
15104
13824
116224
8122
3464
288500
231936
5932
5234
11036
4959
3224
8586
663
253835
14658
116538
701
990
12767
13202
19652
3646
878
6480
9201
75284
13844
13327
65280
2309
52442
401920
987
12288
3934
980
535
109
738
18814
11234
1117