1000
2388000
3000
144779000
15000
156000
19000
12000
686000
427941000
18300000
1000
2000
189000
12700000
1000
2167000
32000
549
27000
56000
791
5571000
568000
4000
12000
4408000
7000
162000
871000
159000
103000
51000
2413000
59933000
46593000
1000
1000
766000
94000
910000
107000
223000
1000
105000
1000
3000
1330000
68000
162000
2228000
122000
357796000
446000
111227000
1667000
30000
256000
1260000
1000
2000
68000
96000
5000
4000
2000
449000
4336000
17000
259078000
303000
1000
313000
61000
3000
5000
612000
2000
1000
324000
68000
104000
416000
225094000
42648000
443000
322000
10300000
180000
142000
6000
125000
863000
26000
1000
49267000
181000
1000
107000
7350000