2127923
766452
16777216
251392
2134511212
1093
3038
1054528
444618
1620181
545334
9200460
212
46472
99912
8
62792
16
268
3349979136
516452
367
207
129
129
46132
1817454
1811939328
494
422
2333592
45170
8844032
117072
15358
433104
5971456
129
3349979136
1811939328
19777216
77824
22795
2850212
13050
15358
650
847
248
2047
16777216
3349979136
2771
877
3349979136
0
15358
31420
129
0
15358
129
360760
102400
16777216
1811939328
433104
0
5217765
5996544
16777216
15358
545334
88
129
379
1811939328
15358
39720
5296
1054528
0
5971456
5296
34614
15358
405979
951608
2341431
1096072
1935933
15554
138
444618
0
2333592
13180
8950
18033
2386514