390
4736015
280
179
179981
1506509
807
33273
0
121856
191472
11657976
14
162408640
681
2147483648
395144
4096
11
133336
204000
34984
4609
230216
237718
106368
301
27016
25569
171
76
14488
2319
43400
548
2752
49454105
193175
274
143704
414
149920
5935
1816
3097016
364
260328
63720
3536
1839104
14568
18432
175128
3131
155
22792
947828
277
895
2073068
14720
278072
14793
13480
256256
220
35192
4399
712
184380
35200
63
22832
37598832
37
1028
1530
2218237
752
14408
26760
51296
56
258224
4678
223376
483056
14656
1718
73128
22
71
1069
1289
20703
88408
378
49453640
6184
182704
