10450
10353
157450
3573
816801
105
12658
96720
21211
30231
2127769
1066
13167
75182
116840
50003
704
148841
76854
342264
5757
11383
26202
59857
53380
23944
75616
901415
10398
5727
3023
5317
9916
280784
41096
7597
53742
26957
80387
24086
29880
4798
22495
34097
8158
1354749
20635
246160
251460
48584
222678
12175
30378
222783
24498800
54336
120984
15521
19329
16980
46629
5594
6947
300752
153766
80245
58894
481830
183559
269489
64149
25068
90305
989
12166
28425
2050
293262
46562
7863
45124
9852
51504
15319
1964
157848
675113
31508
218702
8893
99317
72216
8343
11886
117188
44159
1027592
34902
116080
24213
