9206
2683
251192
947
13833
49
1239
51
62980
295
552360
29088
8114
9120
52
12250
238
2849
19140
18027
3584
844
37167
3072
1276
246562
176
932
22392
1065
1750
262
126
3016
236
10134
55296
909
74733
1150
112
926
120
316
789
4096
6656
908
3040
2189
292805
19932
9107
50
3150
19227
23437
1148
1824
252
343
1468
2447
28234
50
1043
18279
4577
1808
50826
9365
6696
16424
203
3062
16384
144902
2280
22744
101099
16
158
1368
4664
4027
40142
1381
8461
2896
24104
19136
20648
1602
457998
3696
281
320
115913
2267
3846