23768519
399698
30556031
493
28
120
256
6400
570353
1035
133
15381
2104
9591
524232
47720
2003
46960
2646
122
50688
759168
15436
4195
114
73
24064
161
8481
3433
173624
217
5322
16896
484
2208840
175
0
785
551
64259
2607
523
1018960
7776
9499
11616
626
19648
850
5095
1017
2451097
15126
110686
112
1094
51
14720
105734
179
1578
117982
64
1217
569
2690
193
15468
14408
11949
154854
140
23672
144
2446
9851
1050
191
483
5635
2495
2375
13879
143540
3670
78
982
51382
1548
2569
107
7633318
2900306
71388
1281
4873
13621
2202
8891