5804
71
5691
286
737
244653
4111
4572
11836
164
799052
76
1484
4926
3491
18744
25768
478
34341
3186568
65024
15683
450
297
47616
12608
12593
69120
12288
84642
2277
5120
12638
12708
4261
13359
3548
203863
64502
2355
2023936
16936
3099
16896
1335
2036068
2242
46953
12885
41003
40496
8979456
5161984
499712
44784
6725
122992
12693
15432
12643
636416
66509
163840
5178
1797
1295
3419586
9757
9381
12560
17196
1781
12702
119744
655
18096
0
244681
932
16185
261
350055
21260
5340
171
190464
1095
243
82588
12942
1435
9216
45713
4015
1103
2427
5632
20153
25280
0