9781205
198307
772008
7976358
67066
2364024
3034067
546361858
44942527
425
27141
630854
27638228
7481
122375 
181754
1894
2252
47479237
78620
51115652
1015
1850485
194323
434901959
579
6511
83451
24725090
620
72003760
1147713
583010
423
169019
683885020
1894
1963535
3356474
55
63153
232093
2788
87609
255228108
1814
56980
12938681
10079
1665
16777216
148965
3156301
1189018
2645
47124
61162686
13742
3356474
2929
31914063
3347371
706525862
1109
1797017960
1387
100696004
149052
229437
2682966
209254
3199
1810653
4175
295442
877006875
3126
33950
939750
6607174
66664
711244640
1523
37472949
16356280
138293
18330729
288104574
259949
198307
42810
323102403
3766301
23848
168953
5640
105986189
576
4810313
75216271