1157
1593469
716
75710
1986
89094
451
33651
24706
1037034
21192
11094
9632
1450
2532
1219
840
306
4319
10354
870
62
50
15099
763
7676
41469
36185
1438
800
378
4488
214
17976
238
6691
586
604
37014
2012
21350
135587
169
8324
717
197834
32077
4092
1218
346
4226
6361
7974
3245
843776
223
23158
12280
2915
48324
2839
491008
1120
818
41144
245
346
205
163
135
13964
31244
798
1158
48
600
26824
934
903
151
28088
9473
1330
14658
408440
150
246084
33639
14690
1120585
6021
308
15897
29598
17792
316386642
18756
95744
517
1601