843
1040
1070
797
1120
1001
1030
1120
1240
879
13276
12288
14334
2744320
841484888
4096
2252
953
1276
109097425
585
319908
13570
1417
15466496
1079
2061
4096
307200
12288
7376896
4096
2276
24360
0
271204
5789068526
395229
2068
1945575
294130677
64065783
2347
282624
162533
1250172
236032
375296
104488
69632
306
15217
16384
327680
85083
15785
4230
16011
86016
427
4096
16384
19059
86016
12288
3796905
85083
50745013
49520640
4860660
4161536
3719168
877310
52367319
3479903
13474
205265559
3139880
11834
97590
400280
55878
5533079508
0
225280
806912
910
4096
27111
16384
585
98304
12288
1079
2276
28672
4096
2068
1079
1240