44589056
98304
68913
142539
90112
4096
344064
4096
24576
237568
20480
28672
1249280
8192
12288
4096
46
170063
3039232
2126
36384
176128
245760
1533
118784
4096
8192
1533
4096
344064
28672
1249280
2180
11404
2333592
81920
2450
34073
26515
1907
586
95812
306687
13793
1302943
16971
5496
2804
41243
81920
2450
44589056
273
309
607
4773
2116
34073
657
18304
320
4411848
219008
4010
82888
2333592
81920
480768
816280
6144
2560
196608
58317
21004
187432
570680
103936
85504
2574
2232320
46
1092753
3808371
85504
1250
4411848
536
90012
673375
558972
359978
1966134
2029694
720704
492514
89032
55410
156059
142539
953295