7
445440
28672
188
12012
14581
8798
4822
1899
3606
8192
160768
4096
86528
8037
1136494
43948
4145
2714
4898
26362
2096
2616
14318
60869
4803
59094
6848
54331
4029
193
2166
3550
2816800
1655488
254656
62554880
42013820
49430517
36957166
43566084
1943664
34777
16657
3934
8109
21469
37869
35000
739
2993
368
506
938
5689
0
0
874
578
583
233
0
0
4096
0
0
285
0
0
0
0
529
3809280
6794240
180008
0
15990
137946
59768
574412
288680
1142
2772
424512
0
193074
0
168356
271136
136090
0
162258
0
694292
0
0
0
0
489198
9652
