76 
1353 
823 
6506 
914 
190 
3609 
691 
34371  
4445 
2930 
3167 
3319 
7486 
259 
2254 
10272 
19 
1766 
5532 
1076 
215 
161 
185 
366 
163 
40 
51071 
1000 
145 
283 
100 
32768 
1108082 
150146 
272 
1248 
4240 
1520 
64 
867 
1683 
1018 
311 
40 
1357 
1520521 
272 
780 
5849 
13803 
1370 
6126 
1227 
161 
32768 
247 
215 
692 
86150 
16 
151 
418 
1187 
31974520 
1433 
151 
13727 
161 
143 
463 
1461 
8 
3716 
871223 
295 
2675 
775 
5089 
9972 
102204 
2385 
2812 
43 
19 
1006 
1253 
3515 
328 
222 
1560 
1614
225 
55 
57420 
874 
936 
103512 
1182 
11939
