8192
15636266
3047456
83172802
4096
4096
4096
4096
4096
4096
4096
4096
16777216
4096
6824284160
7970816
3335015
19488768
4799
2550136832
24725280
16384
4096
4096
16384
1
32703
8192
2550136832
4096
56432
3047456
8192
16384
11422385
2550136832
4096
4799
4096
11732222
16777216
4096
4096
47694824
86157
68993192
16361
1
68993192
8192
86429120
53328
395268
16777216
8192
4096
16384
235859
54986152
106
11732222
6824284160
4096
86157
8192
30706608
149831048
3052032
4096
4096
8192
4096
1
217296
35362240
235859
42206
2550136832
4096
11732222
4096
83172802
4096
4096
4096
4096
24725280
68993192
4096
56432
4096
4096
16384
47694824
1
15636266
4096
4096
3335015
1
