174
1073741824
6848143360
118520
65
237848
16777216
9154
0
2129
4096
358400
24550
686
129
41
117262
131263
704128
907792
252942
45368
1609639
479522
87296
5221
18
18726
181248
176
1637888
2702
262144
803440
2255
11692
32936
960
1078
21784
26
22280
236
210284
1285120
925952
1302016
1948928
17177
8151720
82647
1462792
84
351032
31344
20466392
230032
2050
11
219
2189824
852
1936920
5284872
61560
865
2531
45131
178
11433
2048
761
40690
45170
94024
159504
4622280
1898
955
220340
55568
88
47720
4515
43131
186704
43008
82551925
413184
154033
1396760
10017
908304
124
2880000
3364968
64596
894
44702
4672
