36058
90149
1991
16398
1479160
525128
17734
1611264
421064
4959911
490073364
913408
1208
1156363
562688
5538573
24725090
856
1511
258161
5
339456
3594
17793536
94670408
574536
602112
43008
39720
1048576
61440
1263888
4908397
4995416
40426
7169
95
548864
1209442
2811078
4691757
4033756
1144262
134217728
21985
335
11200
173336
96116
185090
1478304
21273
7078
303191
175
210
3380
977414
1732
518144
6303552
416
766518
94101
7792
381
1771296
24656
3133
11632128
1323200
131072
6922712
4956672
7698915
7
24827
69632
234496
1273856
405504
7124
14198
1272944
824
28520
2560
88064
2254336
263
219136
522
766552
87542923
4
5812
546
8126848
115918
1383248