8192
8192
162
4096
5637144576
12288
12288
4096
4096
4096
4096
4096
8192
8192
8192
16384
12288
5637144576
12288
4096
8192
4096
4096
8192
8192
12288
16384
4096
8192
12288
16777216
12288
16777216
4096
8192
4096
16384
8192
4096
16384
12288
16384
162
4096
5637144576
8192
8192
8192
4096
8192
4096
4096
8192
16384
8192
4096
16384
4096
4096
4096
8192
4096
12288
8192
4096
16384
4096
4096
16384
8192
4096
8192
4096
8192
4096
16384
4096
4096
16384
162
16384
8192
8192
162
4096
4096
8192
162
4096
8192
8192
162
4096
16384
16384
4096
8192
5637144576
4096
16384
