3089
40683
3337
0
560
1427
341967
285
2351
641
6718
44472
1289
311
1087
2933
722
27340
3556
391
1120
3646
856
1091
2037
667
707
1257
17065
73
2984149
30238
631531
20884
1835
22016
1535
10901
579
432
146019
2334
56
1583
9009
1267
460
2176
832
40
13373
218
380424
1914
1259
94445
2458
1833
449127
653
333
3584
5670
1280
8766
699
2898543
220759
173568
3710
1221
1564
388801
2030
4904
437
6007528
49
122702
8332
12996
1278
33456
3587
591
3838
1175
484
103
121
1453
39254
1406
363
10364
17820
2860
1077
5964
292352994