259
13875828
318561
688346
421991
165864
210
494989
2427
701
753319
1687
233950
407512
427839
1629
989
592533
51801
215000
667858
428725
78933
53543
1806
413187
180
1674
2089
46928434
77037
132353870
54985048
755389
4902
52893
152401
833
1740
988752
919040
3751
228015
90568
6724
669557
378631
645368
541583
20063519
880432
1278408
2101
284672
5580
983427
3493
425
334023
537165
287384
595323
374523
949677
42762179
364548
436449
63803	
355491
320064
4782
884746
1441140980
581632
303622
245767
943960
556167
99989
672946
161290
907090
324094
53329
2267
425
912804
932689
516557
404491
590352
415887
548063
64089328
460764
824563
23085248
297135
480389
592