55206
213
5133574
5916158
29384
575688
12602
76800
1431552
19456
19
201828
22734
601495
553815
372
1736784
28672
575744
42880
94720
1428606976
229323033
671086748
382046
921656
362
413696
552
25726968
8749
7
157607
417792
70144
2879436
274432
217168
318
646608
131072
17198086
22687
1250536
222696
696975360
192512
886
47548576
65536
65536
1638
96872
17734
96272
1442522
576500952
5686
562688
28622
23463
5664305
1278
1114112
198
718
167828
38315496
32
814994
815251
59402533
417
419
897512
1459456
2939814
11
593592
3539270603
3153
375096016
168
739630267
206
1163742091
11080540
1978618
2179456
3244
955
3954
23588
189288
670692
518491
33029
280811
31165
15669