2856
1866
588265
9232
1144
47104
3405
921
4125
29839
702524
12816
1239
65795
50
1202
1472512
9139
47697
368
87320
1056
134144
14888
338
223934
3019
7168
277888
24064
8790
4421
116174
6912
683
5120
11302
9509
256
30678
295
4959
19321
2474
4050
2105
40599
8513
1450
7258
1611
1592
92
4620
1610
1426
7579
1684
1078
50
132807
59904
5478
107
29600
90112
545
81920
11313
2024
1709
519
1664
44
8828
532480
79
62057
1905
14672
175616
356
1368
9118
65
672
1777
250
7072
13
112128
1710
49
70019
385024
350756
10060
9087
1756
15736
