364
3188
243
256
310768
1140
194
18720
243
181
176
1898
1033
2335
52
3376
40230
64091
1792
10422
53534
58
46080
8872
3387
4481992
243
3415
102210
15871
2451
198
4293231
1669
1337
259
411
12909
48125
63384
12697456
1000
658
901
157
43614
5720
10684
1073
19038
158
9651
1598
8898
14602
62944
86576
86576
159184
139806
52
386
3351
2942
16384
5105
5358280
6808
1758
1467
402664
199
7366
366
8192
391
27212
16696
1294
785
136760
46576
28160
16783
7796
15736
166
15744
4163
26039
2877
8971
14974
4777
51
392
288
0
8287
2155