17363
7644
96960
26014
28254
12067
9495
33444
821648
33392
92
236
15529
718
4348160
139366
196352
21248
0
580685
164871
10356
9585
13871
9233
9751
204800
578617
59616
1487985
19976
9868
9869
18815
262512
54409
6783
33065
745
2
0
0
3145728
95514
22036
83
31144
3901
45753
22560
37744
1217
54
41104
22040
19544
19008
250880
65904
1109
252
649
1686
270336
69096
20496
20747
70071
289811
1427255
2360
73
876544
1467
242
973
2096128
11723
2750
13469
24281410
20728
2904
7130
3545712
3271
6073
2185
2358
2541
10659
3560
6549
5309
2413
8330
7342
13062
5254
8186
