10705
25741
75913
10527
10569
10175
9864
338
100645
10429
161
355
160
229317
14021
1159
7922
10220
1932
9849
10533
9968
19336
3444
11039
11077
11136
26285
10525
10651
10100
10204
108244
7466
11492
10764
7940
10269
10257
11160
240
229376
19090
10967
8160
3291
10259
4386
10695
11351
10935
11275
25663
62
10699
309
10915
11089
10596
12086
10573
11130
184
19496
13787
133465
73413
7364934
14201
105280
11073
12208
3399032
288
11053
11037
10990
10385
26857
102
1276
11268
11538
98057
249
8276
238
8426
7665
17913
9830
11008
10992
1111
11416
306
11207
10301
87329
10541