1544192
93656
2781184
69632
128
43519292
108048
809984
437
3124
1883
11264
1587200
18765
8684375
46084
130
0
86
24960
0
65540
5601
1046
5239
57
7340
77937
5673368
437
160102
1083541504
95800
130
7340
3834
15872
4434289454
10216072
8711866
130
11909
30408
4911616
860160
10039744
2754
16
580788
26168320
2892636
1034037
1377397083
760280
45798841
119090
41053180
990192
222764784
159001740
3424912
2188611305
4057699806
358
11909
1377397083
8007680
1100124
22528
3124
413
13
470608
713
743760
695153676
12
470608
10216072
1209
204371280
45
5934479601
509996537
5358
18085917
5329
191503
251064
7769
0
318100
436
695153676
210381
95800
9336767
2009088
856576
121947

