6301580
10594731
1298390
3496
1526
765
1008
6144
3879
2782
2308
342793
11071
26710
960
12013940
5509
1298390
288
1508
50
6158366
48222
2442
62
3317
8400564
471
1335
3092
615
875
3695
648
77494
178416
88238
209109
68538
404
120464
3132
2137
8898
1014
503
117
15574
4364
1356
15608
26
758
10682
1782
361
3604
1144
1233
6910
26640
1601
24701
7330
159
568
47006
12923
4284
346
2804
154472
52
346484
48483
2483
6619
70
27144
505
1332
840
322
187
12741
515
2264
992
3894
23
8315825
50
310
178179
2878
13110
3714
8063
62
272