384322
80
0
50122
2453504
908304
81920
1
22669
268435456
9312
39720
3389284352
29782
2527232
344
340
65444688
174
9597
1811490
960
33166
23444
991584
266
1363
119992
343656
795
684
202757
181
319
215907
44656
3786
2868
4302336
4817
30956
46080
808
1024
1730560
290
112329
148
25272
1530
696
516608
780
40960
13778
24421
6968
23308
1185
120165
50449456
393216
1366
13
423992
392920
1522
166400
641
98757
5776
6236
41
11264
273080
353836
144
154222
17696
14454
316640
409088
779
103976
1307
1637888
2454
6129
1088
1099264
106
5447
252
29
97
175
34293
7728
7603
1096
