512 
254469 
112 
512 
1121489 
512 
871 
1582 
512 
512 
512 
87762924 
282 
10232 
47989 
512 
12765 
3024713728 
512 
18432 
512 
361855 
186365 
24725090 
95795773 
162 
162 
13963 
76310 
291640 
4202498 
456328 
2655501 
4496900 
11059 
12430 
12096 
43226 
151216 
98096 
56320 
96996 
239670 
12920096 
15272 
113152 
4863003 
1044480 
8096 
23359 
469925 
249856 
4693 
632085 
153033 
12105 
64964 
68901 
149018 
17528401 
4896 
696052 
11407 
31232 
65215 
96625 
842338 
92512 
734003200 
44204032 
484245 
4703728 
281763 
17674280 
1130840 
32846 
49086 
313896 
9488 
63312728 
87318584 
46402 
45402 
15989160 
291760 
672703 
4797087 
409 
381014 
960504 
70320 
733976576 
737660118 
12096 
1467609088 
734449664 
59296 
697321276 
40216 
32091 