4584
57853
5890504
1908144
10026549248
312240
405424
48585
151552
22837121
69248
132216
1364
40960
1343048
8056
182428232
619568
227456
20240
1906768
13840
22837121
85232
382
18840
782
66224
1940656
83792
154280
20360
19344
22928
5890504
397
5649
382752
1195296
5138896
811984
352720
848336
21200175104
941056
784848
875552
1563936
1195296
5138896
782
811984
352720
848336
140864
784848
32
266560
959776
2048
431904
3370272
5280563204
4
3365840
2882984
15412512
644384
502
504
135456
162592
5649
389920
3370272
140864
4969248
2917664
505632
645408
318752
476448
284456
495273640
21408
19344
21392
380416
237207552
262411
118005373
55298042
196708
196750
688465
196708
327864
196708
426151
4
