87888
395592
33434
28492
2273
27
28214
38569
22019
48371
105
2173599
0
1736704
0
12630408745
424511975
186717741
251429105
300638938
220095052
654170
644666
731320
964904
718451
629514
606813
604752
609458
133455951
98180345
86551191
30237610
350987536
6278277
481
1046
3901965
19088427
985964838
961993920
315
895
18880
58234567
158
908448
1691
12727
107592
130120
609888
25829
1681992
148176
286280
747080
285908
194120
104710344
26688532
4346120
3876040
2427080
186837
168496
980016
299056
93232
28750384
2706480
30256
18681392
116720
48688
138800
1809
5557296
799792
226
128305136
1427
1427
1310584
2072612
859632
886768
4346120
1095664
12784
10505952
387568
7813616
3802672
861168
7158698
560424
2895012
2830627