5990470
705254744
9555
58894560
1788192
4152279040
202
5414912
1838753
2611
704712488
424256
143144
6930090266
119469384
31344
168224
5890026
3221225472
65688843
5511862
235
7383111782
3259874
603519
770909655
3083070
80109
3392045846
99885304
991953
857
3221225472
31214
312440640
5690880
2076
192892344
70031960
385510
98442313
7466
6493163350
295186
4113127
69586
3149824
6282595710
99614
1394514
3221225472
16195384
1996318
37430
6861939687
390404
2383
1411256
4067581
1712717083
2884971
4999
7931904
111230
1830872
414
1638403955
1056768
62464
3197853696
25561506
1048345
554
4113127
33040
6092058472
99690
4265
6085556
25143608
754688
89133635
8939
160110592
1087736
28672
1504208
25021
28973746
8032448
444928
39783424
3223967076
968740
159041536
9252864
277274624
1096549
1465892
4253777920