894976
2412032
2011136
244736
59000944
48742704
91
1309720617
5606912
352256
206920
371493286
1407491298
66608
297137
2250240
8262
1509323
10724876
9503391
178442
473092621
517607367
34246
1705
300915
75352438
27054087
41848338
1705
82726
38974528
1329924
2309
11457036
1924724
3378502
16732764
4870535321
394614637
69678592
122880
3082183
73728
8746252
5090443964
17734
176237709
35
95365512
3135
1512724
7472
694032650
13
7596944
1344664389
17934825
13077718
2080739
3780053
12665001
74821632
340
34605
2056425
22340
398
26148494
120
5628999
23106
228072258
11392
373
921828
7596944
84480
26658128
1376
24459
155663488
58125038
6780
768774
654384
3406873
190553
54476790
83194266
119453472
398
4014
920647
473092621
17734
1110
846335
38974528
1705