86016
8192
40960
36864
16384
32768
299008
20480
20480
454656
53248
184320
131072
675840
40960
1900544
8192
49152
12288
12288
8192
20480
118784
372736
237568
28672
5472256
24576
552960
28672
593920
8192
7671808
8192
16384
589824
192512
20480
20480
45056
57344
36864
290816
32768
28672
16384
20480
20480
20480
24576
8192
61440
77824
12288
32768
28672
8192
8192
110592
32768
131072
16384
53248
8192
45056
12288
405504
32768
24576
69632
65536
1159168
20480
32768
40960
28672
2859008
16384
16384
176128
65536
20480
40960
106496
73728
32768
221184
8192
32768
24576
20480
32768
8192
36864
233472
8192
22454272
258048
12288
8192
