525
37376
10281
3349
123849
324
1398
10595
83
394488
4224
4096
798
92936
297452
2094
5248
9490
0
387933
8443
11128
418
1151
64498
14925
10240
607
21851
1420
352
79
6702
4096
13286
4096
412
4313
15924
1548
51
897699
147858
111000
1378
49170
49224
13900
1708
354
2400
37707
123849
231168
659914
12169
87
1144
1164
50
317
180456
0
375
836151
0
66048
1383
247808
34477
461
8889
13167
45913
5084
929606
219
24896
6849
319
51212
20109
85
2773
2076
16512
1193
31664
43730
1742
8913
284
131072
613717
16428
50
50
4372
1919
154319