1110
4587
0
1583148
15292
317864
8866
23787
378
14707
47219
1411
342
48
2307
8119
251904
1490
6272
16384
48964
249
171064
136304
662
202312
721
103719
194048
2276
36720
46879
5317
459
339
187
33144
38746
28744
50
84096
888180736
1039
3275
2700
4626
1765290
7467
9124
1941
1607
866
64824
1065
1300
830
1784
989
130
40727
84960
4959
49
229
237
105848
133
7343
173
2198
25600
50
1731
466
103
87542
3500
5168
2572288
190331
39608
26725
3822
875
1107
22080
168
8929
50
0
1443840
389
11007
2073
226
31304
945
6482
6060
1126888